function cm_data=seidel(m)
cm = [1,1,1;1,0.973684191703796,0.973684191703796;1,0.947368443012238,0.947368443012238;1,0.921052634716034,0.921052634716034;1,0.894736826419830,0.894736826419830;1,0.868421077728272,0.868421077728272;1,0.842105269432068,0.842105269432068;1,0.815789461135864,0.815789461135864;1,0.789473712444305,0.789473712444305;1,0.763157904148102,0.763157904148102;1,0.736842095851898,0.736842095851898;1,0.710526287555695,0.710526287555695;1,0.684210538864136,0.684210538864136;1,0.657894730567932,0.657894730567932;1,0.631578922271729,0.631578922271729;1,0.605263173580170,0.605263173580170;1,0.578947365283966,0.578947365283966;1,0.552631556987763,0.552631556987763;1,0.526315808296204,0.526315808296204;1,0.500000000000000,0.500000000000000;1,0.473684221506119,0.473684221506119;1,0.447368413209915,0.447368413209915;1,0.421052634716034,0.421052634716034;1,0.394736856222153,0.394736856222153;1,0.368421047925949,0.368421047925949;1,0.342105269432068,0.342105269432068;1,0.315789461135864,0.315789461135864;1,0.289473682641983,0.289473682641983;1,0.263157904148102,0.263157904148102;1,0.236842110753059,0.236842110753059;1,0.210526317358017,0.210526317358017;1,0.184210523962975,0.184210523962975;1,0.157894730567932,0.157894730567932;1,0.131578952074051,0.131578952074051;1,0.105263158679008,0.105263158679008;1,0.0789473652839661,0.0789473652839661;1,0.0526315793395042,0.0526315793395042;1,0.0263157896697521,0.0263157896697521;1,0,0;1,0.0262125898152590,0;1,0.0524251796305180,0;1,0.0786377713084221,0;1,0.104850359261036,0;1,0.131062954664230,0;1,0.157275542616844,0;1,0.183488130569458,0;1,0.209700718522072,0;1,0.235913306474686,0;1,0.262125909328461,0;1,0.288338482379913,0;1,0.314551085233688,0;1,0.340763688087463,0;1,0.366976261138916,0;1,0.393188863992691,0;1,0.419401437044144,0;1,0.445614039897919,0;1,0.471826612949371,0;1,0.498039215803146,0;1,0.524251818656921,0;1,0.550464391708374,0;1,0.576676964759827,0;1,0.602889597415924,0;1,0.629102170467377,0;1,0.655314743518829,0;1,0.681527376174927,0;1,0.707739949226379,0;1,0.733952522277832,0;1,0.760165095329285,0;1,0.786377727985382,0;1,0.812590301036835,0;1,0.838802874088287,0;1,0.865015506744385,0;1,0.891228079795837,0;1,0.917440652847290,0;1,0.943653225898743,0;1,0.969865858554840,0;1,0.996078431606293,0;0.992592573165894,0.993725478649139,0;0.985185205936432,0.991372525691986,0;0.977777779102325,0.989019632339478,0;0.970370352268219,0.986666679382324,0;0.962962985038757,0.984313726425171,0;0.955555558204651,0.981960773468018,0;0.948148131370544,0.979607820510864,0;0.940740764141083,0.977254927158356,0;0.933333337306976,0.974901974201202,0;0.925925910472870,0.972549021244049,0;0.918518543243408,0.970196068286896,0;0.911111116409302,0.967843115329742,0;0.903703689575195,0.965490221977234,0;0.896296322345734,0.963137269020081,0;0.888888895511627,0.960784316062927,0;0.881481468677521,0.958431363105774,0;0.874074101448059,0.956078410148621,0;0.866666674613953,0.953725516796112,0;0.859259247779846,0.951372563838959,0;0.851851880550385,0.949019610881805,0;0.844444453716278,0.946666657924652,0;0.837037026882172,0.944313704967499,0;0.829629659652710,0.941960811614990,0;0.822222232818604,0.939607858657837,0;0.814814805984497,0.937254905700684,0;0.807407438755035,0.934901952743530,0;0.800000011920929,0.932548999786377,0;0.792592585086823,0.930196106433868,0;0.785185217857361,0.927843153476715,0;0.777777791023254,0.925490200519562,0;0.770370364189148,0.923137247562408,0;0.762962937355042,0.920784294605255,0;0.755555570125580,0.918431401252747,0;0.748148143291473,0.916078448295593,0;0.740740716457367,0.913725495338440,0;0.733333349227905,0.911372542381287,0;0.725925922393799,0.909019589424133,0;0.718518495559692,0.906666696071625,0;0.711111128330231,0.904313743114471,0;0.703703701496124,0.901960790157318,0;0.696296274662018,0.899607837200165,0;0.688888907432556,0.897254884243012,0;0.681481480598450,0.894901990890503,0;0.674074053764343,0.892549037933350,0;0.666666686534882,0.890196084976196,0;0.659259259700775,0.887843132019043,0;0.651851832866669,0.885490179061890,0;0.644444465637207,0.883137285709381,0;0.637037038803101,0.880784332752228,0;0.629629611968994,0.878431379795075,0;0.622222244739533,0.876078426837921,0;0.614814817905426,0.873725473880768,0;0.607407391071320,0.871372580528259,0;0.600000023841858,0.869019627571106,0;0.592592597007752,0.866666674613953,0;0.585185170173645,0.864313721656799,0;0.577777802944183,0.861960768699646,0;0.570370376110077,0.859607875347138,0;0.562962949275971,0.857254922389984,0;0.555555582046509,0.854901969432831,0;0.548148155212402,0.852549016475678,0;0.540740728378296,0.850196063518524,0;0.533333361148834,0.847843170166016,0;0.525925934314728,0.845490217208862,0;0.518518507480621,0.843137264251709,0;0.511111140251160,0.840784311294556,0;0.503703713417053,0.838431358337402,0;0.496296316385269,0.836078464984894,0;0.488888889551163,0.833725512027741,0;0.481481492519379,0.831372559070587,0;0.474074095487595,0.829019606113434,0;0.466666668653488,0.826666653156281,0;0.459259271621704,0.824313759803772,0;0.451851874589920,0.821960806846619,0;0.444444447755814,0.819607853889465,0;0.437037050724030,0.817254900932312,0;0.429629623889923,0.814901947975159,0;0.422222226858139,0.812549054622650,0;0.414814829826355,0.810196101665497,0;0.407407402992249,0.807843148708344,0;0.400000005960465,0.805490195751190,0;0.392592608928680,0.803137242794037,0;0.385185182094574,0.800784349441528,0;0.377777785062790,0.798431396484375,0;0.370370388031006,0.796078443527222,0;0.362962961196899,0.793725490570068,0;0.355555564165115,0.791372537612915,0;0.348148167133331,0.789019644260407,0;0.340740740299225,0.786666691303253,0;0.333333343267441,0.784313738346100,0;0.325077414512634,0.763673901557922,0.0227038189768791;0.316821485757828,0.743034064769745,0.0454076379537582;0.308565527200699,0.722394227981567,0.0681114569306374;0.300309598445892,0.701754391193390,0.0908152759075165;0.292053669691086,0.681114554405212,0.113519094884396;0.283797740936279,0.660474717617035,0.136222913861275;0.275541812181473,0.639834880828857,0.158926725387573;0.267285883426666,0.619195044040680,0.181630551815033;0.259029924869537,0.598555207252502,0.204334363341331;0.250773996114731,0.577915370464325,0.227038189768791;0.242518067359924,0.557275533676148,0.249742001295090;0.234262138605118,0.536635696887970,0.272445827722549;0.226006194949150,0.515995860099793,0.295149654150009;0.217750266194344,0.495356053113937,0.317853450775147;0.209494337439537,0.474716216325760,0.340557277202606;0.201238393783569,0.454076379537582,0.363261103630066;0.192982465028763,0.433436542749405,0.385964930057526;0.184726521372795,0.412796705961227,0.408668726682663;0.176470592617989,0.392156869173050,0.431372553110123;0.168214663863182,0.371517032384872,0.454076379537582;0.159958720207214,0.350877195596695,0.476780176162720;0.151702791452408,0.330237358808517,0.499484002590179;0.143446862697601,0.309597522020340,0.522187829017639;0.135190919041634,0.288957685232163,0.544891655445099;0.126934990286827,0.268317848443985,0.567595481872559;0.118679054081440,0.247678026556969,0.590299308300018;0.110423117876053,0.227038189768791,0.613003075122833;0.102167189121246,0.206398352980614,0.635706901550293;0.0939112529158592,0.185758516192436,0.658410727977753;0.0856553167104721,0.165118679404259,0.681114554405212;0.0773993805050850,0.144478842616081,0.703818380832672;0.0691434517502785,0.123839013278484,0.726522207260132;0.0608875155448914,0.103199176490307,0.749226033687592;0.0526315793395042,0.0825593397021294,0.771929860115051;0.0443756468594074,0.0619195066392422,0.794633626937866;0.0361197106540203,0.0412796698510647,0.817337453365326;0.0278637781739235,0.0206398349255323,0.840041279792786;0.0196078438311815,0,0.862745106220245;0.0192233771085739,0,0.845828533172607;0.0188389085233212,0,0.828911960124970;0.0184544418007135,0,0.811995387077332;0.0180699732154608,0,0.795078814029694;0.0176855064928532,0,0.778162240982056;0.0173010379076004,0,